# Created by Octave 3.8.0, Sat Jul 08 16:21:15 2017 PDT <rgonugunta@ranganatha-gonugunta-rmbp.local>
# name: v
# type: matrix
# rows: 50
# columns: 1
 4571
 3451
 2495
 9875
 7572
 3245
 6452
 5627
 6511
 2922
 4571
 3451
 2495
 9875
 7572
 3245
 6452
 5627
 6511
 2922
 3451
 2495
 9875
 7572
 3245
 6452
 5627
 6511
 2922
 3451
 2495
 9875
 7572
 3245
 6452
 5627
 6511
 2922
 3451
 2495
 9875
 7572
 3245
 6452
 5627
 6511
 2922
 3451
 2495
 9875


