# Created by Octave 3.8.0, Sun Aug 13 17:59:04 2017 PDT <rgonugunta@ranganatha-gonugunta-rmbp.local>
# name: num_features
# type: scalar
3


# name: num_users
# type: scalar
36


# name: num_decks
# type: scalar
34


# name: X
# type: matrix
# rows: 34
# columns: 3
 0 1 1
 0.06 0.93 127
 0.11 0.04 27
 0.03 0.97 75
 0.46 0.46 41
 0.03 0.97 29
 0.42 0.54 24
 0.39 0.61 62
 0.67 0.33 27
 0.33 0.67 3
 0 1 1
 0 1 7
 0 1 3
 0.21 0.71 14
 0.11 0.86 36
 1 0 13
 0 1 6
 0.17 0.83 6
 0 0.9 10
 0 0.89 9
 0 1 51
 0.07000000000000001 0.93 14
 0.54 0.46 13
 0.22 0.72 18
 0.5600000000000001 0.44 25
 0.43 0.57 23
 0.2 0.7 10
 0 0 3
 0.12 0.88 16
 0.88 0.12 34
 0.63 0.25 8
 0 1 7
 1 0 10
 1 0 12


# name: Theta
# type: matrix
# rows: 36
# columns: 3
 -0.3942627384221556 -0.6411387769925139 0.5527776569183946
 -0.00208930640136473 0.1227290860272795 0.6151974459409624
 0.7891290360099472 1.886398051001699 -2.796439090013363
 1.718135601720861 0.03749864668607644 1.270239618011829
 2.009258453462137 0.07086420722422664 1.007665158054756
 -0.2288769362818767 2.120014030314544 -0.5196180734729431
 -0.2488048667778823 -0.9575962480267659 -1.132867249716176
 0.1014356742215134 0.4521027364057648 0.5594403901486176
 -0.6752285358338632 -0.3732420923648855 -0.9410284878841956
 -0.008118866485395299 0.5477108085378242 2.608810065547257
 -1.786502220425198 -0.08741709103116256 -0.1679044347893173
 1.067640571365753 0.8685530696289661 -1.002624016413588
 -0.8336254024500449 -0.501718780672717 -0.3269778737275563
 0.662191219334597 0.7631813448367764 0.02102368595333995
 -0.105152647258708 -0.8850264468843446 -2.704122086225694
 -1.24651851212542 -0.2769940707332337 0.05541545611223594
 0.1219024006378755 0.9360001817539321 -0.7805336625130274
 0.6096506195165272 -0.7770323694904602 2.540927053404952
 0.6530440016303221 -0.4547361024944225 -1.596055775641334
 0.03896234850542143 -0.06907986972645054 0.2005384771115211
 0.4348031504834199 -0.8117337909709065 -1.07022137254777
 0.5799203654761602 -0.6426655607993161 1.038907401770426
 -1.323513909577369 -0.4396715639121837 1.970340425662379
 0.3071081150318792 0.2385067801510134 -0.3178372005662096
 0.3320130326604608 -0.7482693949267234 0.6236842918630853
 -0.01142630095285319 -0.4578713489741296 0.8567620442536484
 -1.709339937194491 1.551713755290582 0.7603009960093687
 0.2611311738177778 0.1541455977160427 1.039026074634857
 -0.1523350126641675 -0.6055881858782926 2.477250343276401
 -0.6340379919650271 0.4942035244406522 -1.830600576654371
 -2.440900308191623 -0.06228224423891653 0.02183233643854733
 -0.05356145161075204 -0.7508993455130862 1.342209340390803
 -0.8798177297205695 -1.242567360189185 -2.201861539221995
 0.194875938872621 -0.08634659363681646 -0.01646785632482313
 -0.9010303340597374 -0.2790455630996032 -1.070896263899304
 -0.8680034366336264 0.2734661561945793 -1.340431598101604


