# Created by Octave 3.8.0, Sat Aug 12 10:28:38 2017 PDT <rgonugunta@ranganatha-gonugunta-rmbp.local>
# name: Y
# type: matrix
# rows: 5
# columns: 3
 1 0 3
 5 0 5
 0 5 0
 4 4 4
 3 4 0


# name: R
# type: matrix
# rows: 5
# columns: 3
 1 0 1
 1 1 1
 0 1 1
 1 1 1
 1 1 0


