# Created by Octave 3.8.0, Tue Aug 15 13:06:55 2017 PDT <rgonugunta@ranganatha-gonugunta-rmbp.local>
# name: num_features
# type: scalar
4


# name: num_users
# type: scalar
55


# name: num_movies
# type: scalar
45


# name: X
# type: matrix
# rows: 45
# columns: 4
 1 0 0 0
 0 0 1 0
 0 0 1 0
 0 0 1 0
 0 0 0 1
 0 0 1 0
 0 0 1 0
 0 0 1 0
 0 0 1 0
 1 0 0 0
 0 0 1 0
 0 0 1 0
 0 0 1 0
 0 0 1 0
 0 0 1 0
 1 0 0 0
 0 0 1 0
 1 0 0 0
 0 0 1 0
 0 0 1 0
 0 0 1 0
 0 0 1 0
 0 0 1 0
 0 0 1 0
 0 0 1 0
 0 0 1 0
 0 0 1 0
 0 0 1 0
 0 0 1 0
 0 0 1 0
 1 0 0 0
 0 0 1 0
 0 0 1 0
 0 0 1 0
 0 1 0 0
 0 0 1 0
 0 0 0 1
 0 0 1 0
 1 0 0 0
 0 0 1 0
 1 0 0 0
 1 0 0 0
 1 0 0 0
 1 0 0 0
 0 0 1 0


# name: Theta
# type: matrix
# rows: 55
# columns: 4
 -1.375297636736132 -0.3633152500929115 -0.2121594929508987 -1.210965871952628
 -0.6119355375444003 -0.5011293328310267 -0.7193770836825435 0.4545583497487879
 0.9444332739108917 0.8488403724155155 1.216699098256679 -0.5588403053119164
 -0.9986529529299998 -0.3486533046833873 -1.018328148980683 2.053550137159341
 -0.02210115569758049 -0.5661947924798978 -0.6566578851816224 -0.4716942966083091
 0.6286435745095835 -0.3611574808803117 0.04469410012986237 0.09569826525516294
 -1.386589652371225 -0.5474541484523759 0.5004672671351458 0.06613264428705509
 0.8115765472228704 -0.728661723542336 0.7136712682721917 -1.164051049006414
 0.6553750342230843 0.0143996150318409 2.053282907225284 -1.766001563251405
 -0.01558687969849762 -0.3024044578907827 -1.010018769399532 -0.6554659183536248
 -1.207478528955361 0.5315743157165433 -0.8176713328719379 -0.03451252175858461
 0.04137474761428143 -0.5073491397672029 0.8527893179269102 0.4629937527972069
 0.07722261390316677 0.1315044261585047 -0.7377919587858535 -0.6552385935422955
 -1.479807696554445 0.1363757796040832 -0.4710664881627938 1.358441170793858
 1.644024903468572 -0.2953963848935254 1.446808332895777 -1.397221689439144
 0.6867108090577152 0.07529768201594385 1.243116127664739 1.050424279056837
 0.150628560050934 -0.9778609721803578 0.904895646651342 -1.0390243761482
 -0.2729128179196381 -0.431899674465331 0.3280808700674605 0.0135899238472814
 -0.5898401483060494 0.007182065047072609 0.2111682250682705 1.178708539105082
 1.788410931208169 0.2364988322507129 -0.2541949341958482 0.6806556426105246
 1.474893568642999 0.4770462491339173 -1.970311667660189 0.3081762413468052
 1.648094202123474 -0.06941065983962197 0.7481326009583127 0.3466216027657886
 -0.7385885186130795 -0.1653130343241815 0.7341250495586161 -0.7297352744055262
 -0.7684699655917007 0.335471841135826 -1.671206936661089 0.2669510947760683
 0.8121149856466547 -1.606878507210533 0.0615183756675199 -1.703887046460582
 -0.09202276389310418 0.06726669767668168 0.6488749425460877 -3.801095598483466
 0.4733282727515106 0.263339207902797 1.065054664635545 1.077790052287989
 0.7837782478518197 -0.4977062328342286 1.214340166898961 0.6589143950992465
 0.9152472652666994 -0.1159095385620575 1.322067283946531 -1.146096102036903
 -0.377646017922935 0.4623351234211133 -1.092160230663225 0.02451533623642208
 -0.5857321279822065 0.6572220134425842 1.438478030275958 0.5692058767091167
 -0.5899380158810186 0.007403836437779776 0.0369939898723104 0.3238146912022005
 0.4574209635914587 0.7515591850369394 0.03704396289326115 -0.1115430877936055
 -1.363027256234018 -1.019924860138647 0.179028267916388 0.9768285031654568
 -1.349589782943422 0.6122547715043611 0.9567662863241714 -0.6469555484510897
 -0.02810579248106317 1.398175355027541 0.4187305101320385 0.07907318384033636
 -0.07279230122784283 0.09767713878999346 -0.5833435887002416 -0.1803728862227944
 1.787386816422264 0.7802009328667153 -0.1431647359276175 1.125531972197528
 0.07625383418401431 -0.2392749704950695 0.8961803517110585 -0.6529373752975367
 -0.005546029903483888 0.3193905789661753 0.2125223639927255 0.7601252610597636
 1.145391231781511 -0.2092363909310548 0.4515994435129034 -0.4511315545608123
 -0.3439589350771002 -0.6433229273482409 -0.4763261011593061 -0.3481029634563639
 0.1224983169789487 0.216434525016518 0.004703399472494972 -0.5359373310389414
 -1.067420239128871 -0.5657275316641376 -1.044108969823536 -1.096562678310878
 -0.2569398596791721 -0.8504071255788279 0.975876746417942 0.05902213392953455
 0.4212166024018844 -0.8094235421733682 -0.6332626274889421 -1.29827878781489
 -0.1689474074019884 -1.758393389221028 0.3119801458327532 0.09851142420280361
 -1.077192625604859 -0.448408560167704 1.236424109423159 -0.09799547742027157
 -1.195689166413433 -1.256025777696634 -1.336862170258408 0.8494091819697168
 -0.5030894525848706 -1.094637162891573 -0.7523640296556887 0.1199318818727316
 -0.3737556431793299 1.415211385513286 -0.6207351609015326 -0.2636741942484587
 -0.5364436883867044 -1.208768386597345 0.8988267064803378 -1.237333400209177
 0.2413480407026397 0.6956271606212734 -0.07144754047072559 0.0598399121359112
 -0.371254757513806 0.3213864625754473 -1.171735772277062 -0.8233586153484796
 -0.6729069380871296 0.8291355388316652 -1.123087094174862 -1.838419424932237


