# Created by Octave 3.8.0, Wed Aug 16 17:12:43 2017 PDT <rgonugunta@ranganatha-gonugunta-rmbp.local>
# name: Theta
# type: matrix
# rows: 55
# columns: 4
 0.1655419454779249 -0.0920628382662451 0.002317175790052859 0.2458806524019859
 0.0009026978409988799 -0.0005020175987299974 1.263548623265828e-05 0.001340783534995478
 0.01457525183667968 -0.008105734644774681 0.0002040173898706027 0.02164872751646246
 0.4217879756492411 -0.2345689372014809 0.005903983393165162 0.626484740114296
 0.08343922926415198 -0.04640305661790638 0.001167941796621735 0.1239328924414554
 0.006078596599487415 -0.003380489945320707 8.508518356096174e-05 0.009028583754011959
 0.01432419440492056 -0.007966113980292833 0.0002005031653973641 0.02127582983163814
 5.960325423233488e-11 6.426847274755923e-11 7.375841393734567e-12 -1.768712359861509e-11
 0.02986358224365263 -0.01660803347033515 0.0004180160003975087 0.04435659575812567
 0.2713229437303422 -0.1508908226216814 0.003797846617000003 0.4029979362313502
 0.01457525188027634 -0.008105734685492236 0.0002040173920877225 0.0216487275112595
 1.937694630297479e-10 2.176614853369385e-11 -3.809407691774546e-11 -6.393432139135366e-11
 0.4138548633031656 -0.2301570954658219 0.005792939458655244 0.6147016304081037
 -7.417947468615262e-11 4.857778253699591e-11 1.421649900621849e-11 -8.471644169037972e-11
 -3.398488949473308e-09 3.758670210555175e-09 -5.019179805585447e-09 -1.58181664841062e-09
 0.004173434699983721 -0.00232097215260972 5.841775736979009e-05 0.006198832901072031
 -7.578541272000816e-11 1.90033118187719e-10 -4.751823978303781e-11 2.280781713491928e-11
 0.08843837656331809 -0.04918323242788049 0.001237917591155854 0.1313581623795168
 0.09763138948646434 -0.05429574278546886 0.001366596836370386 0.1450126113082581
 0.4435378614359328 -0.2466647005545924 0.00620842798525058 0.6587900032721784
 9.502298895682012e-12 4.952375767158184e-11 7.643135804892653e-11 -2.895107116655891e-11
 0.01158728869773559 -0.006444038505268868 0.0001621932943847927 0.01721068363610779
 1.11937722644564e-10 2.964551992156294e-10 1.982610382687249e-10 -1.223160490344826e-10
 0.08277097256019907 -0.04603141898865844 0.001158587877692164 0.1229403259893978
 0.09691445056376055 -0.05389703128824927 0.001356561192730989 0.1439477364358499
 0.1655419455476046 -0.09206283828443355 0.002317175798362752 0.2458806525706617
 0.1794864121921703 -0.09981777432664048 0.002512363439877286 0.2665924699016755
 1.532131090916437e-10 -1.736254278892412e-10 -1.355644267644432e-11 -2.21880432073626e-10
 0.02944551329646481 -0.01637553280378936 0.0004121640448409379 0.04373563478541392
 -4.116090852808432e-11 1.030713723520741e-10 6.375314324882006e-11 -2.160360088294054e-11
 0.1128409697115811 -0.0627542538557742 0.001579480482408268 0.1676035171102838
 0.7336908151154954 -0.4080274566695831 0.01026984630030441 1.089756288855193
 0.1655419454420761 -0.09206283824080198 0.002317175831295786 0.245880652267594
 2.765518251339015e-11 -8.375304194660797e-11 2.145676655284252e-10 8.173283877690551e-11
 0.3475594286969986 -0.1932882171166845 0.004864968223246773 0.5162325404310316
 0.01708058860595389 -0.009499027435834728 0.0002390855539238945 0.02536992190506715
 0.1731000964316569 -0.09626615252983133 0.002422970920748441 0.2571068288339605
 1.835259385088477e-11 -1.49939764005225e-10 2.798929970637001e-11 -2.485550897743845e-11
 -4.96462742853426e-09 4.524091914359109e-09 6.479490769201846e-09 3.538214019564365e-08
 0.03595513550741442 -0.01999572890347171 0.0005032822950019842 0.05340442315278479
 0.09221604356921971 -0.05128410627806657 0.001290795175354728 0.1369691584004085
 0.4185102508796041 -0.2327460961852799 0.005858103463144111 0.6216163114983561
 1.000693883072045 -0.5565158658281536 0.01400722706461444 1.486337884131021
 0.1743875481023521 -0.09698214302738749 0.002440992250795725 0.2590190905075639
 0.08962462083393737 -0.04984293794164593 0.001254521980615284 0.1331200990691474
 0.4966258359411548 -0.2761885145424191 0.0069515273899544 0.7376419564078235
 0.756759335572749 -0.420856551270839 0.01059275008255543 1.124020130331732
 0.6621677811432816 -0.3682513526584335 0.009268703279007032 0.9835226083891788
 0.0002973368798023386 -0.0001653578551671955 4.161775718086219e-06 0.0004416365003430413
 0.08343922937590187 -0.04640305670242947 0.001167941836593326 0.1239328927131397
 0.1780034240739975 -0.09899304018657824 0.002491605653669354 0.2643897774506879
 1.473722313681381e-10 5.481745315923347e-12 9.497341582313412e-11 -1.140005527096467e-11
 0.4138548631655572 -0.2301570953487522 0.005792939469507127 0.6147016302204074
 0.2519038354451878 -0.1400912742176792 0.003526027687146346 0.374154594332991
 0.4998839436278713 -0.2780004459498645 0.006997132817832023 0.7424812476243133


