# Created by Octave 3.8.0, Wed Aug 16 08:44:06 2017 PDT <rgonugunta@ranganatha-gonugunta-rmbp.local>
# name: r
# type: matrix
# rows: 45
# columns: 1
 7.201051092382934
 0.8956402649430477
 0.8681678774530431
 0.5837809768975999
 0.5166530444302849
 0.5076213021685754
 0.4899357328028967
 0.4340839387983809
 0.4039662304975553
 0.3418213047281842
 0.316169150038738
 0.296540631410927
 0.2849035805226099
 0.2831112371934073
 0.2271280126255483
 0.1860896187838093
 0.1410337459899799
 0.1359536744570516
 0.1205254586115105
 0.1069588866236425
 0.09910793775111711
 0.07381087047291723
 0.06796562128919281
 0.05842274331661851
 0.0317583026838092
 0.02100575105088343
 0.010460505195146
 0.002936454399787205
 1.628617241522436e-09
 6.434208832419595e-10
 5.52465759075521e-10
 -2.540971169099961e-10
 -6.430725354823263e-10
 -1.183526679514911e-09
 -1.287095379171369e-09
 -1.667090011489117e-09
 -1.9099222939255e-09
 -2.243174506445304e-09
 -2.770532905439584e-09
 -3.586711179155013e-09
 -3.857456994857138e-09
 -5.640466077758396e-09
 -1.08831709385187e-08
 -3.250066122919445e-08
 -4.420071038368744e-08


# name: ix
# type: lazy_index
# name: index_value
# type: matrix
# rows: 45
# columns: 1
 29
 38
 36
 3
 6
 26
 13
 40
 28
 5
 23
 19
 33
 21
 11
 45
 30
 9
 15
 37
 14
 27
 32
 8
 34
 1
 7
 18
 44
 31
 2
 41
 25
 39
 16
 22
 17
 10
 43
 24
 42
 35
 4
 12
 20




