# Created by Octave 3.8.0, Sat Aug 12 01:50:58 2017 PDT <rgonugunta@ranganatha-gonugunta-rmbp.local>
# name: X
# type: matrix
# rows: 1
# columns: 10
 1 2 3 4 5 6 7 8 9 10


# name: Y
# type: matrix
# rows: 1
# columns: 10
 3 6 9 12 15 18 21 24 27 30


# name: Z
# type: matrix
# rows: 1
# columns: 10
 6 12 18 24 30 36 42 48 54 60


